      0/49     1.09G   0.05277   0.02205   0.01717     0.092        44       640     0.672    0.3427    0.3782    0.2141   0.08223   0.05551    0.0219
      1/49     13.5G   0.04218   0.02091  0.009679   0.07276        42       640    0.6076    0.3826    0.4114    0.2456   0.07856   0.06068   0.02293
      2/49     18.4G   0.04079   0.02112  0.008707   0.07061        14       640    0.5907    0.3711    0.3934    0.2354   0.07798   0.06318    0.0237
      3/49     18.4G      0.04   0.02144  0.008213   0.06965         3       640      0.55    0.4021    0.4033     0.247   0.07157   0.06692    0.0265
      4/49     18.4G   0.03884   0.02115  0.007588   0.06758         8       640    0.5836    0.3987    0.4191    0.2554   0.07243   0.06601    0.0269
      5/49     18.4G   0.03798   0.02103  0.007118   0.06612        83       640    0.5787    0.4117    0.4262     0.263   0.07167   0.06568   0.02795
      6/49     18.4G   0.03754   0.02059  0.006851   0.06499         7       640    0.5918    0.4185    0.4356    0.2713   0.07131   0.06568   0.02804
      7/49     18.4G   0.03724   0.02077  0.006717   0.06472        10       640    0.5709    0.4296    0.4358    0.2712   0.07041   0.06638    0.0291
      8/49     18.4G   0.03701   0.02048  0.006537   0.06403        39       640    0.5929    0.4377     0.458    0.2851   0.06999   0.06714   0.02819
      9/49     18.4G   0.03671   0.02036  0.006361   0.06343        34       640    0.5967    0.4379    0.4577    0.2875   0.06949   0.06641   0.02931
     10/49     18.4G   0.03648   0.02031  0.006276   0.06306        32       640    0.6056    0.4365    0.4614    0.2913   0.06921   0.06702   0.02935
     11/49     18.4G   0.03634   0.02026   0.00614   0.06273        16       640    0.5973    0.4464     0.465    0.2945   0.06877   0.06771   0.02887
     12/49     18.4G   0.03614   0.02012  0.006092   0.06235        58       640    0.6021    0.4495    0.4663    0.2966   0.06838   0.06743   0.02935
     13/49     18.4G    0.0361   0.02013  0.006024   0.06225         1       640     0.607    0.4486    0.4719    0.3013   0.06794   0.06862   0.02972
     14/49     18.4G   0.03598    0.0202  0.005938   0.06212        46       640    0.6346    0.4486     0.481    0.3053   0.06759    0.0686   0.03003
     15/49     18.4G   0.03583   0.01994  0.005895   0.06167        25       640    0.6124    0.4599    0.4785    0.3045    0.0673   0.06875   0.03063
     16/49     18.4G   0.03577    0.0198  0.005821   0.06139        26       640    0.6261    0.4565    0.4808    0.3071   0.06739   0.06863   0.03149
     17/49     18.4G   0.03572   0.01983  0.005784   0.06133        72       640    0.6419    0.4493     0.485    0.3104   0.06706   0.06907   0.03065
     18/49     18.4G   0.03551   0.01982   0.00567     0.061         2       640    0.6416    0.4593    0.4934    0.3159   0.06688   0.06895   0.03079
     19/49     18.4G   0.03541   0.01969   0.00561   0.06071         0       640    0.6298    0.4638    0.4947    0.3166   0.06668   0.06938   0.03085
     20/49     18.4G   0.03531   0.01983   0.00557   0.06071        55       640    0.6392    0.4636    0.4947    0.3171    0.0664   0.06939   0.03099
     21/49     18.4G   0.03527   0.01965  0.005503   0.06042        37       640    0.6273    0.4709    0.4958    0.3178   0.06637   0.06951   0.03108
     22/49     18.4G   0.03509   0.01954  0.005431   0.06007        20       640    0.6393    0.4699    0.4985    0.3196   0.06619   0.06985   0.03129
     23/49     18.4G   0.03501   0.01952  0.005372    0.0599        38       640    0.6519    0.4664    0.4991    0.3203   0.06619   0.06998   0.03159
     24/49     18.4G   0.03495   0.01955  0.005355   0.05986        46       640    0.6327    0.4772    0.4989    0.3201   0.06606   0.06996   0.03174
     25/49     18.4G   0.03478   0.01943  0.005302   0.05951         3       640     0.654    0.4651    0.4993    0.3212   0.06598   0.07009   0.03195
     26/49     18.4G   0.03467   0.01945  0.005237   0.05935        44       640     0.641    0.4739    0.5013    0.3228   0.06585   0.07028   0.03202
     27/49     18.4G   0.03455   0.01931  0.005186   0.05904        85       640    0.6558    0.4668    0.5025    0.3236   0.06574   0.07044   0.03218
     28/49     18.4G   0.03455   0.01923   0.00519   0.05897       136       640    0.6511    0.4712    0.5037     0.325   0.06565   0.07064    0.0323
     29/49     18.4G   0.03445   0.01926  0.005068   0.05877        63       640    0.6485    0.4752    0.5053    0.3258    0.0656   0.07066   0.03232
     30/49     18.4G    0.0343   0.01901  0.005026   0.05834        36       640    0.6392    0.4822    0.5059     0.326   0.06556   0.07075   0.03242
     31/49     18.4G   0.03431   0.01905  0.005035    0.0584         4       640    0.6394    0.4843     0.507    0.3265   0.06551   0.07085   0.03245
     32/49     18.4G   0.03402   0.01896  0.004952   0.05794        25       640    0.6282    0.4921    0.5081     0.327   0.06548   0.07094   0.03246
     33/49     18.4G   0.03403   0.01886  0.004876   0.05777        46       640    0.6404    0.4858    0.5085    0.3275   0.06542   0.07109   0.03249
     34/49     18.4G   0.03383    0.0188  0.004822   0.05745        62       640     0.643    0.4861    0.5091    0.3277   0.06538   0.07119   0.03255
     35/49     18.4G   0.03378   0.01867  0.004779   0.05723        28       640    0.6432    0.4865    0.5098    0.3281   0.06534   0.07132   0.03257
     36/49     18.4G   0.03369   0.01881  0.004704   0.05721        81       640     0.647    0.4861    0.5107    0.3286    0.0653   0.07145    0.0326
     37/49     18.4G    0.0335   0.01867  0.004649   0.05682        11       640    0.6525    0.4834    0.5112    0.3291   0.06527   0.07155    0.0326
     38/49     18.4G    0.0334   0.01851  0.004615   0.05653         4       640    0.6501    0.4851     0.512    0.3294   0.06524   0.07167   0.03262
     39/49     18.4G   0.03337   0.01858  0.004589   0.05653        85       640    0.6493    0.4859    0.5126    0.3298    0.0652   0.07178   0.03263
     40/49     18.4G    0.0333   0.01845   0.00455    0.0563        40       640    0.6504    0.4864    0.5135    0.3302   0.06517   0.07188   0.03266
     41/49     18.4G   0.03315   0.01861  0.004467   0.05623        57       640    0.6401    0.4932     0.514    0.3305   0.06514   0.07198   0.03269
